	19.0	20.0	21.0	22.0	23.0	24.0	25.0	26.0	27.0	28.0	29.0	30.0	31.0
Adobera_artesanal	1.0	0.0	1.0	2.0	0.0	2.0	0.0	2.0	3.0	5.0	0.0	2.0	2.0
	23.0	24.0	25.0	26.0	27.0	28.0	29.0	30.0	31.0
Adobera_pasteurizada	1.0	1.0	2.0	1.0	1.0	1.0	3.0	5.0	5.0
	23.0	24.0	25.0	26.0	27.0	28.0	29.0	30.0	31.0	32.0
Chiapas	2.0	1.0	1.0	2.0	5.0	3.0	1.0	2.0	2.0	1.0
	20.0	21.0	22.0	23.0	24.0	25.0	26.0	27.0	28.0	29.0	30.0	31.0	32.0
Chihuahua	1.0	0.0	0.0	1.0	2.0	1.0	1.0	1.0	3.0	2.0	3.0	2.0	3.0
	22.0	23.0	24.0	25.0	26.0	27.0	28.0	29.0	30.0	31.0
Ranchero_Estado_de_Mexico	1.0	1.0	3.0	2.0	2.0	2.0	1.0	3.0	3.0	2.0
	22.0	23.0	24.0	25.0	26.0	27.0	28.0	29.0	30.0	31.0
Zacatecas	1.0	1.0	2.0	4.0	1.0	1.0	2.0	2.0	4.0	2.0

