	9	10	11	12	14	15	16	17	18	19
Adobera_artesanal - Adapter 1	20.0	5.0	1.0	1.0	179.0	2.0	388.0	25629.0	897.0	41.0
	8	9	10	13	15	16	17	18	19
Adobera_mesa - Adapter 1	0.9090909090909091	16.666666666666668	20.0	2.0	5.0	759.0	67152.0	959.0	16.0
	9	10	14	15	16	17	18	19	20
Adobera_pasteurizada - Adapter 1	2.0	1.0	3.0	1.0	50.0	3653.0	80.0	11.0	2.0
	10	11	14	15	16	17	18
Asadero - Adapter 1	3.0	1.0	1.0	3.0	152.0	10673.0	54.0
	5	9	16	17	18	19
Canasto - Adapter 1	0.16666666666666666	1.0	56.0	5919.0	116.0	8.0
	9	10	11	14	15	16	17	18	19	20
Chiapas - Adapter 1	15.0	10.0	1.0	7.0	21.0	676.0	55771.0	900.0	22.0	2.0
	6	9	10	11	13	14	15	16	17	18	19	20
Chihuahua - Adapter 1	0.059880239520958084	26.666666666666668	40.0	1.0	2.0	26.0	14.0	600.0	66599.0	932.0	23.0	2.0
	6	8	9	10	11	13	14	15	16	17	18	19	20
Cincho - Adapter 1	0.09615384615384615	4.285714285714286	10.0	2.0	2.0	2.0	6.0	10.0	590.0	40832.0	738.0	22.0	1.0
	8	9	10	11	13	14	15	16	17	18	19	21
Cotija - Adapter 1	4.285714285714286	5.0	1.0	2.0	3.0	12.0	13.0	590.0	47594.0	358.0	12.0	1.0
	6	8	9	10	13	14	15	16	17	18	19	20
Jocoque - Adapter 1	0.04878048780487805	0.7692307692307692	6.666666666666667	20.0	1.0	9.0	21.0	750.0	80800.0	1971.0	83.0	1.0
	8	9	10	13	14	15	16	17	18	19
Manchego - Adapter 1	7.5	30.0	1.0	1.0	2.0	9.0	466.0	25229.0	497.0	14.0
	5	6	9	13	14	15	16	17	18	19	20
Oaxaca - Adapter 1	0.018115942028985508	0.14492753623188406	20.0	2.0	1.0	6.0	305.0	55063.0	986.0	21.0	6.0
	6	9	13	14	15	16	17	18	19
Panela_artesanal - Adapter 1	0.14492753623188406	10.0	2.0	2.0	5.0	695.0	55153.0	421.0	6.0
	10	15	16	17	18	19
Panela_pasteurizado - Adapter 1	1.0	3.0	103.0	11702.0	394.0	16.0
	8	11	13	14	15	16	17	18	19	20
Ranchero_Estado_de_Mexico - Adapter 1	3.0	1.0	5.0	12.0	7.0	591.0	62292.0	1382.0	103.0	1.0
	6	8	10	13	14	15	16	17	18	19	20
Ranchero_Veracruz - Adapter 1	0.13793103448275862	1.1111111111111112	10.0	3.0	1.0	14.0	1049.0	57407.0	683.0	48.0	1.0
	5	8	9	10	12	14	15	16	17	18	19
Zacatecas - Adapter 1	0.0488997555012225	1.6666666666666667	20.0	2.0	1.0	89.0	10.0	374.0	40677.0	601.0	15.0

