	18.0	19.0	20.0	21.0	22.0	23.0	24.0	25.0	26.0	27.0	28.0	29.0	30.0	31.0	32.0	33.0
Adobera_artesanal	7.0	47.0	167.0	469.0	875.0	1475.0	2096.0	2742.0	3374.0	3967.0	4318.0	3958.0	2654.0	1004.0	115.0	2.0
	18.0	19.0	20.0	21.0	22.0	23.0	24.0	25.0	26.0	27.0	28.0	29.0	30.0	31.0	32.0	33.0
Adobera_mesa	32.0	108.0	381.0	956.0	2158.0	4160.0	6577.0	8651.0	9606.0	9675.0	9403.0	8157.0	5531.0	2810.0	856.0	42.0
	18.0	19.0	20.0	21.0	22.0	23.0	24.0	25.0	26.0	27.0	28.0	29.0	30.0	31.0	32.0	33.0
Adobera_pasteurizada	2.0	9.0	33.0	52.0	85.0	139.0	171.0	232.0	313.0	400.0	487.0	597.0	624.0	494.0	190.0	11.0
	18.0	19.0	20.0	21.0	22.0	23.0	24.0	25.0	26.0	27.0	28.0	29.0	30.0	31.0	32.0	33.0
Asadero	1.0	7.0	20.0	30.0	63.0	112.0	211.0	311.0	469.0	775.0	1230.0	1757.0	2440.0	2344.0	1089.0	60.0
	18.0	19.0	20.0	21.0	22.0	23.0	24.0	25.0	26.0	27.0	28.0	29.0	30.0	31.0	32.0	33.0
Canasto	4.0	6.0	28.0	57.0	157.0	275.0	438.0	645.0	859.0	968.0	1045.0	898.0	527.0	189.0	44.0	1.0
	17.0	18.0	19.0	20.0	21.0	22.0	23.0	24.0	25.0	26.0	27.0	28.0	29.0	30.0	31.0	32.0	33.0
Chiapas	1.0	33.0	127.0	325.0	694.0	1162.0	1709.0	2336.0	3162.0	4124.0	5264.0	6849.0	8451.0	9865.0	8916.0	4259.0	255.0
	17.0	18.0	19.0	20.0	21.0	22.0	23.0	24.0	25.0	26.0	27.0	28.0	29.0	30.0	31.0	32.0	33.0
Chihuahua	3.0	25.0	132.0	384.0	705.0	1254.0	1839.0	2523.0	3401.0	4435.0	5625.0	7301.0	9577.0	11643.0	12014.0	7113.0	569.0
	17.0	18.0	19.0	20.0	21.0	22.0	23.0	24.0	25.0	26.0	27.0	28.0	29.0	30.0	31.0	32.0	33.0
Cincho	1.0	20.0	84.0	249.0	508.0	856.0	1348.0	1894.0	2635.0	3447.0	4342.0	5771.0	6693.0	6904.0	5632.0	2212.0	116.0
	17.0	18.0	19.0	20.0	21.0	22.0	23.0	24.0	25.0	26.0	27.0	28.0	29.0	30.0	31.0	32.0	33.0
Cotija	1.0	13.0	75.0	286.0	660.0	1257.0	2057.0	3013.0	3987.0	5081.0	6315.0	7320.0	7468.0	6678.0	3735.0	819.0	14.0
	18.0	19.0	20.0	21.0	22.0	23.0	24.0	25.0	26.0	27.0	28.0	29.0	30.0	31.0	32.0	33.0
Jocoque	30.0	163.0	482.0	883.0	1587.0	2381.0	3491.0	4552.0	6021.0	7830.0	9959.0	12779.0	14567.0	13159.0	5669.0	347.0
	17.0	18.0	19.0	20.0	21.0	22.0	23.0	24.0	25.0	26.0	27.0	28.0	29.0	30.0	31.0	32.0	33.0
Manchego	1.0	11.0	65.0	157.0	354.0	545.0	801.0	1145.0	1462.0	2015.0	2575.0	3341.0	4073.0	4364.0	3796.0	1586.0	93.0
	18.0	19.0	20.0	21.0	22.0	23.0	24.0	25.0	26.0	27.0	28.0	29.0	30.0	31.0	32.0	33.0
Oaxaca	13.0	59.0	246.0	670.0	1430.0	2574.0	3752.0	4795.0	5633.0	6634.0	7943.0	8658.0	8224.0	4866.0	984.0	28.0
	18.0	19.0	20.0	21.0	22.0	23.0	24.0	25.0	26.0	27.0	28.0	29.0	30.0	31.0	32.0	33.0
Panela_artesanal	8.0	78.0	305.0	725.0	1497.0	2390.0	3408.0	4373.0	5492.0	6790.0	8191.0	9125.0	8395.0	4682.0	981.0	20.0
	18.0	19.0	20.0	21.0	22.0	23.0	24.0	25.0	26.0	27.0	28.0	29.0	30.0	31.0	32.0	33.0
Panela_pasteurizado	5.0	25.0	57.0	145.0	255.0	391.0	616.0	843.0	1097.0	1350.0	1744.0	2006.0	2029.0	1376.0	364.0	9.0
	17.0	18.0	19.0	20.0	21.0	22.0	23.0	24.0	25.0	26.0	27.0	28.0	29.0	30.0	31.0	32.0	33.0
Ranchero_Estado_de_Mexico	2.0	16.0	127.0	416.0	1041.0	1815.0	2825.0	4160.0	5409.0	6958.0	8545.0	9586.0	10106.0	8252.0	4348.0	955.0	49.0
	17.0	18.0	19.0	20.0	21.0	22.0	23.0	24.0	25.0	26.0	27.0	28.0	29.0	30.0	31.0	32.0	33.0
Ranchero_Veracruz	3.0	22.0	110.0	322.0	731.0	1509.0	2524.0	4027.0	5912.0	7694.0	9102.0	9888.0	9142.0	5967.0	2214.0	274.0	6.0
	18.0	19.0	20.0	21.0	22.0	23.0	24.0	25.0	26.0	27.0	28.0	29.0	30.0	31.0	32.0	33.0
Zacatecas	7.0	75.0	195.0	538.0	1045.0	1704.0	2564.0	3403.0	4379.0	5261.0	5954.0	6498.0	5824.0	3533.0	869.0	75.0

