	9	10	11	12	14	15	16	17	18	19
Adobera_artesanal - Adapter 1	2	5	1	1	179	2	388	25629	897	41
	8	9	10	13	15	16	17	18	19
Adobera_mesa - Adapter 1	1	5	2	2	5	759	67152	959	16
	9	10	14	15	16	17	18	19	20
Adobera_pasteurizada - Adapter 1	2	1	3	1	50	3653	80	11	2
	10	11	14	15	16	17	18
Asadero - Adapter 1	3	1	1	3	152	10673	54
	5	9	16	17	18	19
Canasto - Adapter 1	1	1	56	5919	116	8
	9	10	11	14	15	16	17	18	19	20
Chiapas - Adapter 1	3	1	1	7	21	676	55771	900	22	2
	6	9	10	11	13	14	15	16	17	18	19	20
Chihuahua - Adapter 1	1	8	4	1	2	26	14	600	66599	932	23	2
	6	8	9	10	11	13	14	15	16	17	18	19	20
Cincho - Adapter 1	1	3	2	2	2	2	6	10	590	40832	738	22	1
	8	9	10	11	13	14	15	16	17	18	19	21
Cotija - Adapter 1	3	1	1	2	3	12	13	590	47594	358	12	1
	6	8	9	10	13	14	15	16	17	18	19	20
Jocoque - Adapter 1	1	1	2	2	1	9	21	750	80800	1971	83	1
	8	9	10	13	14	15	16	17	18	19
Manchego - Adapter 1	3	3	1	1	2	9	466	25229	497	14
	5	6	9	13	14	15	16	17	18	19	20
Oaxaca - Adapter 1	1	2	4	2	1	6	305	55063	986	21	6
	6	9	13	14	15	16	17	18	19
Panela_artesanal - Adapter 1	2	2	2	2	5	695	55153	421	6
	10	15	16	17	18	19
Panela_pasteurizado - Adapter 1	1	3	103	11702	394	16
	8	11	13	14	15	16	17	18	19	20
Ranchero_Estado_de_Mexico - Adapter 1	3	1	5	12	7	591	62292	1382	103	1
	6	8	10	13	14	15	16	17	18	19	20
Ranchero_Veracruz - Adapter 1	2	1	1	3	1	14	1049	57407	683	48	1
	5	8	9	10	12	14	15	16	17	18	19
Zacatecas - Adapter 1	2	1	4	2	1	89	10	374	40677	601	15

